#  
#   VizieR Astronomical Server vizier.u-strasbg.fr
#    Date: 2017-02-19T19:27:19 [V1.99+ (14-Oct-2013)]
#   In case of problem, please report to: cds-question@unistra.fr
# 
#   
#Coosys J2000: eq_FK5 J2000 
#INFO votable-version=1.99+ (14-Oct-2013) 
#INFO -ref=VIZ58a9f15088b3 
#INFO -out.max=unlimited 
#INFO queryParameters=11 
#-oc.form=sexa
#-out.max=unlimited
#-nav=cat:V/84&tab:{V/84/main}&key:source=V/84/main&HTTPPRM:&
#-c.eq=J2000
#-c.r=  2
#-c.u=arcmin
#-c.geom=r
#-source=V/84/main
#-order=I
#-out=RAB1950
#-out=DEB1950
#

#RESOURCE=yCat_5084
#Name: V/84
#Title: Strasbourg-ESO Catalogue of Galactic Planetary Nebulae (Acker+, 1992)
#Coosys B1950: eq_FK4 B1950    
#Table V_84_main:
#Name: V/84/main
#Title: Discoverers, Designations, and Positions of True and Possible Planetary Nebulae (1)
#---Details of Columns:
    RAB1950 ("h:m:s") (A11)   Right Ascension B1950 [ucd=pos.eq.ra;meta.main]
    DEB1950 ("d:m:s") (A11)   Declination B1950 [ucd=pos.eq.dec;meta.main]
----------- -----------
RAB195      DEB195     
0 ("h:m:s") 0 ("d:m:s")
----------- -----------
18 10 02.00 -32 20 34.0
17 32 27.20 -27 22 10.0
17 26 17.00 -26 23 42.0
16 40 54.00 -18 51 00.0
17 47 12.80 -29 24 29.0
17 52 09.00 -29 57 35.0
18 05 10.00 -31 37 54.0
17 50 34.00 -29 43 12.0
18 01 30.20 -31 03 04.0
17 17 18.00 -24 48 54.0
16 58 34.00 -21 45 14.0
17 54 29.30 -30 01 45.0
18 01 48.00 -30 58 30.0
17 51 13.60 -29 35 38.0
17 55 07.10 -30 00 27.0
17 50 13.70 -29 16 31.0
17 56 03.30 -30 02 38.0
17 49 24.00 -29 05 54.0
17 53 12.40 -29 37 42.0
17 31 47.75 -26 34 01.3
17 26 20.20 -25 47 03.0
17 54 57.80 -29 44 06.0
17 59 06.00 -30 14 24.0
18 14 21.50 -31 57 45.0
17 50 40.00 -28 58 48.0
18 15 22.00 -31 56 06.0
17 52 50.70 -29 10 53.0
18 03 52.00 -30 34 36.0
17 37 20.40 -26 59 15.0
17 55 14.00 -29 20 36.0
17 51 41.40 -28 48 26.0
17 37 09.00 -26 42 48.0
17 57 26.30 -29 21 46.3
18 00 42.00 -29 51 36.0
17 50 37.00 -28 26 42.0
17 25 33.00 -24 48 42.0
17 59 16.00 -29 25 12.0
18 12 58.63 -30 53 11.3
17 51 25.00 -28 12 12.0
17 25 00.00 -24 22 54.0
17 52 53.00 -28 13 48.0
18 04 02.70 -29 41 48.7
18 04 41.90 -29 45 02.4
18 01 53.00 -29 19 42.0
17 55 12.00 -28 14 36.0
18 11 53.80 -30 16 32.0
18 42 34.10 -33 23 52.0
17 34 46.00 -25 19 01.0
17 56 09.70 -28 13 38.0
18 03 56.10 -29 13 20.0
17 45 38.30 -26 42 34.7
17 57 50.10 -28 16 16.0
17 58 32.70 -28 25 46.0
17 27 36.00 -21 26 36.0
18 13 06.10 -30 08 40.0
18 25 57.20 -31 32 00.0
17 39 24.20 -25 44 05.5
18 01 18.00 -28 37 54.0
18 19 21.20 -30 45 01.0
17 26 17.90 -23 43 12.0
18 00 54.60 -28 28 06.0
18 02 55.60 -28 40 54.0
17 55 22.50 -27 36 52.0
18 09 49.10 -29 26 02.0
17 40 33.80 -25 35 26.8
17 32 54.60 -24 24 30.0
17 18 18.00 -22 16 00.0
18 02 16.00 -28 22 20.9
18 07 54.00 -28 59 42.0
21 56 30.00 -39 37 00.0
17 42 35.60 -25 36 42.0
17 42 22.60 -25 37 03.1
17 58 01.00 -27 38 24.0
17 24 51.90 -22 54 53.0
18 04 54.00 -28 24 00.0
17 59 42.70 -27 41 08.0
17 38 48.40 -24 40 42.1
17 37 03.00 -24 24 11.0
18 07 21.00 -28 20 01.0
18 14 31.00 -29 09 30.0
18 08 25.30 -28 23 21.0
18 19 57.20 -29 44 59.0
18 09 38.20 -28 20 50.0
18 00 10.00 -27 06 24.0
18 08 43.30 -28 11 23.0
17 38 54.00 -24 10 00.0
18 00 04.20 -26 58 38.0
17 21 46.20 -21 31 04.0
18 09 24.90 -27 59 01.0
17 31 25.00 -22 51 22.0
18 08 20.30 -27 46 59.0
18 09 14.70 -27 53 01.0
19 02 20.50 -33 16 15.0
17 45 23.90 -24 40 31.8
18 00 31.90 -26 43 34.0
18 03 42.00 -27 06 41.0
18 52 23.80 -32 19 49.0
18 03 34.70 -26 55 43.0
18 14 32.40 -28 18 29.0
18 36 12.90 -30 43 21.0
18 07 04.10 -27 17 14.0
18 04 53.80 -26 54 29.0
18 09 16.20 -27 29 42.0
18 15 29.30 -28 09 20.0
17 45 32.50 -24 15 39.0
18 02 50.00 -26 30 01.0
17 30 37.50 -21 44 16.0
18 41 01.20 -30 21 32.0
17 45 57.50 -23 42 00.0
18 13 03.30 -27 16 01.0
19 28 51.50 -34 18 59.0
17 35 29.50 -22 06 58.4
18 13 09.50 -27 05 37.0
17 42 34.80 -23 01 17.0
17 37 17.00 -22 17 45.0
18 09 16.00 -26 33 42.0
18 06 07.00 -26 03 00.0
18 29 21.00 -28 45 36.0
17 38 36.00 -22 11 36.0
17 33 24.00 -21 29 00.0
19 11 08.90 -32 39 31.0
18 02 18.30 -25 12 54.0
17 45 06.00 -22 45 48.0
17 32 22.00 -20 55 24.0
18 04 48.00 -25 24 30.0
18 10 34.00 -26 09 36.0
18 13 46.80 -26 24 31.0
18 09 39.00 -25 45 12.0
18 16 18.00 -26 36 37.0
17 36 55.00 -21 12 32.0
18 19 46.80 -26 50 50.0
18 06 07.50 -25 05 09.0
17 45 36.00 -22 15 53.0
17 44 37.40 -22 05 19.0
18 10 10.50 -25 30 56.8
21 02 44.50 -37 20 18.7
17 26 00.74 -19 13 32.1
17 52 53.80 -22 58 37.0
18 11 14.00 -25 21 46.0
17 44 34.00 -21 46 24.0
17 40 29.30 -21 08 33.8
17 49 40.20 -22 21 18.0
18 15 08.00 -25 39 24.0
18 09 29.00 -24 50 48.0
18 06 26.10 -24 13 03.0
17 50 36.00 -21 58 06.0
17 49 22.00 -21 50 33.0
17 42 32.40 -20 56 52.0
18 11 24.00 -24 44 30.0
18 31 47.00 -27 08 48.0
19 18 58.30 -31 36 25.0
17 35 15.00 -19 36 00.0
18 21 51.00 -25 43 36.0
18 24 53.20 -26 08 36.0
17 52 06.80 -21 44 10.0
17 43 22.00 -20 12 48.0
17 32 14.00 -18 32 24.0
17 34 26.00 -18 45 00.0
18 14 13.00 -24 00 00.0
18 17 05.00 -24 16 27.0
17 23 44.40 -16 45 57.0
17 46 17.20 -19 59 41.0
18 18 57.50 -24 12 09.0
17 36 01.63 -18 15 57.5
18 19 28.10 -24 11 00.0
18 05 24.20 -22 17 23.0
18 29 29.90 -25 09 59.2
18 15 21.00 -23 26 06.0
18 11 49.10 -22 44 53.0
18 28 49.00 -24 48 30.0
17 43 13.00 -18 38 30.0
17 47 31.60 -19 02 24.0
17 53 00.00 -19 28 00.0
17 48 00.80 -18 46 00.0
18 22 41.20 -23 13 45.0
18 41 38.00 -25 24 42.0
17 26 12.00 -15 11 00.0
17 11 14.90 -12 51 11.0
18 45 07.00 -25 32 12.0
18 22 03.00 -22 36 36.0
18 33 20.30 -23 57 52.0
18 02 15.50 -19 50 30.0
17 49 09.60 -17 35 34.0
17 54 11.00 -18 06 24.0
17 39 10.00 -15 54 48.0
18 30 53.20 -22 41 01.0
18 31 50.00 -22 45 48.0
17 02 52.50 -10 04 31.0
18 13 18.60 -20 28 04.0
17 45 26.31 -16 27 47.1
17 44 01.00 -16 16 20.0
18 26 11.00 -21 48 54.0
17 41 49.00 -15 44 00.0
17 25 44.63 -13 23 57.4
17 57 14.00 -17 40 24.0
18 43 32.00 -23 30 06.0
18 08 52.00 -18 46 48.0
18 10 48.20 -19 05 13.0
18 33 34.00 -21 51 30.0
17 53 26.00 -16 28 39.0
17 51 28.00 -15 55 20.0
18 47 25.00 -22 37 54.0
18 20 11.00 -19 18 41.0
18 27 02.00 -19 42 42.0
17 56 06.00 -15 32 06.0
16 18 30.44 -00 09 06.6
18 26 33.00 -19 07 47.0
18 52 30.80 -21 53 33.0
18 23 07.50 -18 13 53.0
18 42 37.00 -20 38 12.0
18 33 34.70 -19 22 00.0
17 58 16.00 -14 30 18.0
18 41 04.00 -19 58 00.0
18 34 14.53 -19 04 57.6
18 30 25.20 -18 18 49.0
18 59 16.90 -21 31 14.0
19 55 10.30 -26 36 24.0
17 51 36.00 -12 47 47.0
18 26 16.70 -17 29 14.0
18 32 53.50 -17 38 38.0
18 27 17.50 -16 47 32.0
18 04 41.00 -13 29 18.0
17 28 48.00 -08 17 00.0
18 33 14.40 -17 02 30.0
18 34 52.20 -17 08 25.0
18 25 04.50 -15 34 53.0
18 26 28.00 -15 09 42.0
19 43 34.30 -23 15 36.0
18 58 06.00 -18 16 33.0
18 31 07.00 -14 54 48.0
18 38 23.00 -15 36 40.0
17 10 13.80 -03 12 27.0
18 30 13.78 -13 46 38.0
18 09 23.18 -10 43 45.9
18 07 40.00 -10 29 48.0
18 31 24.52 -13 14 47.7
18 43 04.40 -14 30 51.1
19 14 10.20 -18 06 59.0
19 37 36.00 -20 34 00.0
18 12 31.00 -10 11 12.0
18 40 48.25 -13 47 52.3
18 04 18.00 -08 56 24.0
19 54 34.80 -21 44 43.0
18 21 21.00 -11 08 24.0
18 27 30.00 -11 39 00.0
18 47 54.80 -13 34 36.4
18 30 42.00 -11 09 42.0
18 48 41.60 -13 14 14.0
18 41 19.40 -12 16 04.0
18 30 28.90 -10 17 26.0
18 29 55.60 -10 08 05.0
18 40 10.30 -11 09 54.0
18 37 34.00 -10 42 37.0
18 25 51.10 -08 45 23.0
18 12 31.00 -06 58 12.0
18 15 07.00 -06 49 36.0
18 58 33.80 -12 02 43.0
18 38 23.18 -08 58 52.2
18 27 48.00 -07 29 48.0
18 40 35.89 -09 07 51.6
18 18 43.00 -06 03 26.0
18 11 39.00 -05 00 18.0
18 51 32.00 -10 09 00.0
18 45 04.00 -09 12 30.0
18 43 51.00 -08 31 18.0
19 16 30.00 -12 20 26.0
16 09 23.30 +12 12 08.0
18 51 36.10 -08 57 22.0
18 51 52.60 -08 53 40.0
19 41 09.00 -14 16 21.0
18 39 24.00 -06 44 00.0
18 43 42.47 -07 17 49.9
19 15 33.10 -11 11 42.0
18 42 45.77 -07 00 09.6
18 44 50.60 -06 57 17.0
18 48 03.00 -07 05 06.0
18 42 54.10 -06 21 42.0
18 46 06.00 -05 59 30.0
18 50 48.00 -06 33 00.0
18 51 20.75 -06 30 08.7
18 24 03.09 -02 44 48.4
17 39 10.50 +03 08 27.0
19 13 44.32 -09 07 59.2
18 36 43.00 -04 22 36.0
18 03 27.40 +00 22 16.0
18 54 36.60 -06 03 43.0
18 34 59.00 -03 08 36.0
18 22 25.00 -01 32 36.5
18 31 36.98 -02 30 01.0
18 55 10.00 -05 31 42.0
18 40 12.00 -03 16 00.0
18 42 15.80 -03 23 43.0
19 03 15.00 -06 04 07.0
19 11 14.90 -06 24 03.0
18 22 25.70 +00 49 55.0
18 32 48.00 -00 16 00.0
18 30 43.90 +00 09 26.9
19 24 20.70 -06 41 00.0
18 24 37.10 +01 12 37.0
18 47 49.00 -01 43 42.0
18 40 29.30 -00 19 37.0
18 48 05.20 -01 06 48.0
18 57 58.00 -02 16 13.0
18 22 13.61 +02 27 45.0
18 59 34.10 -01 53 03.0
18 28 29.50 +02 23 26.0
18 55 51.22 -01 07 53.0
18 20 52.10 +03 34 51.6
18 59 01.30 -01 23 28.5
19 07 54.00 -02 26 00.0
19 11 51.60 -02 47 41.0
18 56 17.00 -00 37 06.0
19 00 02.00 -00 31 12.0
18 42 53.06 +01 58 11.4
19 28 29.20 -03 48 47.0
18 29 16.80 +04 02 59.0
19 15 49.40 -01 41 24.0
18 09 41.70 +06 50 37.0
18 55 36.00 +01 33 00.0
19 12 06.00 +00 08 22.0
18 58 28.70 +02 05 05.0
17 51 11.10 +10 37 53.0
22 26 55.00 -21 05 38.0
19 00 28.90 +02 57 54.0
19 05 30.90 +02 16 36.0
19 15 48.50 +01 41 20.0
21 01 27.60 -11 33 54.0
19 20 24.77 +01 24 56.9
19 10 36.00 +02 47 40.0
20 28 52.70 -07 15 32.0
18 15 10.70 +10 08 02.0
19 10 52.60 +03 19 53.0
18 52 29.90 +05 58 48.0
19 11 24.00 +03 32 33.0
19 11 05.80 +04 32 55.0
18 53 52.50 +07 03 24.0
19 04 19.20 +06 19 13.0
19 13 59.64 +05 07 56.3
19 06 47.60 +07 00 50.0
18 49 19.11 +09 51 13.3
19 16 01.70 +06 26 52.0
18 46 11.22 +10 32 25.2
19 58 07.60 +01 35 33.0
19 32 05.79 +05 34 25.5
19 18 35.70 +07 31 17.0
18 54 11.90 +10 48 14.0
16 42 23.50 +23 53 17.0
18 59 56.00 +10 13 00.0
18 25 31.60 +14 27 11.0
19 55 58.50 +02 54 12.0
18 50 42.00 +12 12 17.0
18 48 25.00 +12 33 00.0
18 31 46.20 +14 46 55.0
19 30 13.10 +07 21 29.0
19 21 59.00 +09 47 59.0
19 07 06.30 +11 55 54.0
17 40 29.50 +21 28 11.0
19 29 12.00 +09 07 13.0
19 20 04.66 +10 35 33.4
19 25 22.35 +10 18 11.0
19 28 53.50 +09 57 00.0
19 04 05.00 +13 40 00.0
19 00 50.00 +14 02 30.0
16 25 32.20 +28 01 12.0
19 00 23.10 +14 24 26.0
19 30 56.00 +10 30 29.0
19 25 54.15 +12 13 25.1
19 13 12.58 +13 58 30.4
19 02 35.75 +15 43 00.9
19 11 21.20 +14 54 18.0
19 09 49.50 +15 03 56.0
19 24 07.35 +13 13 38.0
12 57 02.70 +27 54 24.0
19 10 49.50 +15 41 32.0
19 09 16.70 +16 46 29.0
19 02 19.20 +17 52 36.0
19 27 59.12 +14 41 01.7
19 12 46.00 +17 17 30.0
19 11 50.90 +17 26 20.0
19 39 44.20 +13 43 32.0
19 17 04.00 +17 06 14.0
18 47 38.60 +20 47 07.9
19 01 26.00 +19 16 53.0
17 42 57.80 +27 21 17.0
19 38 51.40 +14 49 50.0
18 56 53.70 +20 32 52.0
19 40 01.30 +15 01 57.0
19 36 53.50 +15 49 54.0
19 16 50.54 +18 56 46.8
19 37 02.41 +16 14 20.8
19 33 03.40 +17 06 22.0
19 16 29.50 +19 28 23.0
17 52 24.70 +28 00 29.0
19 39 55.20 +16 58 00.0
20 12 48.00 +12 32 54.0
19 39 19.48 +17 38 12.2
19 38 12.00 +18 42 18.0
19 21 15.13 +21 02 08.1
19 21 37.10 +21 00 46.0
19 06 32.60 +22 54 00.0
18 29 18.70 +26 54 05.0
19 34 14.60 +19 35 45.0
19 24 28.00 +21 03 30.0
19 25 34.63 +21 23 53.5
19 37 24.41 +20 12 04.4
20 00 20.60 +17 28 23.0
20 08 09.90 +16 46 24.0
19 43 11.74 +21 12 43.4
20 17 51.40 +16 34 22.0
19 15 00.00 +25 32 00.0
19 59 29.10 +19 46 18.0
19 34 14.75 +23 33 02.8
19 21 58.50 +25 12 54.0
19 46 15.50 +22 02 28.0
19 31 40.92 +24 25 52.5
20 47 40.10 +13 22 15.0
19 33 48.98 +24 48 07.2
19 58 00.00 +21 34 40.0
20 10 29.40 +19 50 18.0
20 09 42.90 +20 11 04.0
19 36 46.90 +24 58 36.0
19 36 03.24 +25 08 48.9
19 44 08.70 +24 03 43.0
19 57 26.60 +22 34 45.0
19 12 30.90 +28 35 27.0
19 30 54.90 +26 46 13.0
20 20 08.50 +19 56 39.0
19 37 36.00 +26 24 00.0
16 38 34.71 +38 48 05.1
19 09 11.00 +30 27 52.0
19 48 23.10 +25 46 41.0
18 51 44.20 +32 57 52.0
20 02 52.01 +25 18 01.2
16 02 43.40 +40 49 04.0
19 32 47.50 +30 24 20.0
18 48 14.00 +35 11 02.0
20 01 17.89 +26 52 25.0
21 27 34.40 +11 57 14.6
20 06 58.80 +26 18 02.0
20 15 13.90 +25 12 22.0
19 53 01.40 +29 09 23.0
21 34 28.00 +12 33 48.0
19 49 02.40 +30 54 48.0
20 17 32.20 +26 50 44.0
20 01 11.51 +30 24 04.8
20 11 55.70 +29 24 46.7
19 57 20.00 +31 47 03.0
19 54 37.21 +32 14 08.6
19 49 57.21 +32 51 31.7
18 58 44.90 +38 17 03.0
20 02 45.10 +31 18 51.0
19 52 05.29 +33 14 05.8
19 48 06.00 +33 38 16.0
20 14 22.80 +30 24 36.0
20 19 56.00 +29 49 46.0
20 04 58.30 +32 07 49.9
20 19 04.71 +32 19 49.2
20 10 52.05 +34 11 27.4
21 14 38.15 +23 56 15.6
20 23 09.14 +33 24 22.5
20 09 01.63 +37 15 44.3
20 02 36.00 +39 26 00.0
17 12 30.00 +49 19 00.0
20 18 06.00 +38 15 00.0
20 15 25.80 +38 40 54.0
20 10 24.00 +40 41 12.0
19 17 42.00 +46 09 00.0
20 13 30.00 +40 31 18.0
20 40 21.00 +37 29 42.0
18 58 00.00 +48 24 00.0
20 07 01.20 +42 21 18.0
20 27 30.00 +40 05 18.0
20 07 22.20 +43 34 54.0
20 05 17.00 +44 05 37.0
21 33 20.10 +31 28 18.0
20 08 49.00 +46 18 42.0
19 48 20.85 +48 50 01.1
19 43 27.20 +50 24 10.0
21 20 16.20 +37 54 24.0
20 02 31.80 +49 10 36.0
20 43 25.80 +44 28 18.0
21 05 46.20 +40 58 48.0
20 30 46.50 +47 10 48.0
21 05 09.50 +42 02 02.8
20 30 19.20 +48 42 27.0
21 31 07.40 +39 24 40.0
21 16 14.90 +43 36 00.0
20 43 49.47 +50 11 40.5
21 12 27.70 +46 04 50.0
21 04 35.50 +47 39 02.0
21 17 19.00 +46 06 05.0
21 12 19.00 +47 32 00.0
21 30 36.76 +44 22 28.5
21 09 13.80 +50 34 48.0
21 36 55.20 +45 46 54.0
20 51 46.20 +53 34 18.0
21 29 06.00 +49 46 54.0
21 35 11.70 +48 42 41.0
20 59 05.10 +54 20 41.0
21 19 05.70 +51 40 38.0
18 21 35.30 +64 20 30.0
21 33 58.80 +50 40 48.0
21 41 29.30 +50 11 28.2
21 30 09.00 +52 20 34.0
20 55 07.50 +57 14 21.0
21 28 23.80 +54 14 17.0
17 58 34.20 +66 38 05.0
21 30 36.20 +55 39 27.0
21 55 51.20 +51 27 20.0
21 37 34.50 +55 32 27.0
21 25 57.82 +57 26 00.5
22 29 37.78 +47 32 37.1
22 21 55.70 +50 42 47.0
21 25 11.30 +62 40 23.0
22 32 43.80 +52 10 32.0
22 24 21.50 +54 34 23.0
22 14 15.60 +57 13 42.0
22 18 41.80 +57 21 11.0
22 18 28.49 +57 59 09.8
21 44 51.20 +63 33 21.0
23 33 24.10 +30 11 26.0
22 30 21.40 +55 54 55.0
22 49 30.00 +51 35 00.0
23 23 29.40 +42 15 36.0
22 46 34.80 +58 13 12.0
22 53 01.80 +56 26 30.0
23 20 36.00 +46 37 29.0
22 11 56.00 +65 39 01.0
22 54 14.60 +56 53 19.0
22 38 28.10 +61 01 25.0
00 34 47.00 -13 58 42.0
22 56 51.20 +61 41 37.0
23 36 42.00 +47 56 00.0
22 18 21.80 +70 40 55.0
22 46 12.00 +66 46 42.0
23 23 57.30 +57 54 24.3
23 10 11.00 +64 23 00.0
23 22 06.00 +60 40 30.0
23 45 16.00 +51 07 17.0
23 44 18.00 +54 28 00.0
23 43 20.60 +56 47 21.0
23 29 41.00 +70 05 40.0
22 42 12.00 +80 11 00.0
00 16 00.00 +53 36 00.0
23 59 00.00 +70 26 00.0
00 44 32.90 -12 08 44.0
00 17 15.00 +62 42 22.0
00 09 54.00 +68 54 00.0
00 25 30.20 +55 41 20.0
00 10 16.50 +72 14 39.0
00 29 06.00 +57 06 00.0
00 35 55.20 +66 07 12.0
00 37 26.00 +62 34 49.0
00 42 42.00 +57 41 00.0
12 31 46.60 +82 50 22.0
01 03 31.20 +73 17 22.0
00 57 55.70 +54 47 30.0
00 57 19.00 +15 28 00.0
01 21 33.00 +65 23 00.0
01 27 25.00 +58 06 33.0
01 39 15.00 +59 55 00.0
01 54 47.40 +66 19 29.0
01 53 57.90 +63 04 42.0
01 34 12.90 +50 12 57.0
01 59 54.60 +64 43 12.0
01 39 12.00 +51 19 00.0
01 49 42.00 +56 09 36.0
02 08 24.00 +63 55 00.0
02 22 29.40 +65 34 24.0
01 55 32.50 +52 39 10.0
02 54 42.00 +64 18 00.0
02 59 34.00 +64 41 45.0
03 06 51.70 +62 36 43.0
03 06 16.40 +61 07 39.0
02 48 44.80 +50 23 35.0
03 32 01.24 +59 53 51.4
06 23 48.00 +71 06 00.0
02 42 12.00 +42 19 59.0
04 02 42.00 +60 47 00.0
04 21 31.16 +60 00 24.1
03 37 59.13 +52 07 25.2
04 09 10.20 +56 49 16.0
11 11 53.30 +55 17 21.0
04 16 41.18 +56 11 04.3
03 23 48.90 +45 13 54.0
03 45 25.70 +49 51 06.7
04 09 37.90 +51 43 25.0
06 39 18.90 +61 50 26.0
04 12 12.60 +48 42 14.0
03 42 10.10 +37 39 27.0
08 37 37.80 +58 24 37.0
06 15 23.20 +55 37 59.0
03 44 20.23 +34 53 35.8
04 43 07.00 +44 22 38.0
03 53 10.05 +33 43 50.0
04 50 59.70 +42 11 47.0
07 53 59.90 +53 33 24.0
04 36 27.52 +36 39 52.3
04 06 08.30 +30 38 43.0
05 52 40.80 +46 05 53.0
04 39 33.80 +36 01 15.0
05 03 11.40 +39 04 09.0
04 33 22.12 +33 33 27.0
06 30 27.98 +44 48 58.4
05 37 54.05 +39 13 39.2
03 50 36.00 +19 19 00.0
05 39 12.00 +36 07 42.0
05 37 31.00 +35 41 04.0
05 03 56.20 +30 46 07.0
04 34 18.00 +24 57 00.0
05 28 25.20 +28 56 30.0
05 49 39.00 +28 05 48.0
06 13 01.20 +28 23 09.0
05 43 46.09 +24 20 58.5
05 55 40.01 +25 18 31.8
06 10 47.40 +26 53 51.0
07 22 26.20 +29 35 35.0
06 34 17.80 +24 03 12.0
05 02 48.42 +10 38 20.0
06 37 10.20 +21 27 45.0
05 37 56.10 +12 19 47.0
06 23 02.18 +17 49 14.3
05 39 22.00 +09 03 54.0
05 29 06.00 +06 54 00.0
05 56 38.40 +10 41 32.0
07 26 13.20 +21 00 51.0
06 08 21.10 +11 47 30.0
05 59 37.70 +09 39 07.0
06 57 06.00 +14 41 00.0
06 37 09.17 +11 09 18.0
06 11 51.00 +07 35 30.0
06 02 08.40 +03 56 42.0
06 49 45.20 +10 01 30.0
06 21 14.70 +05 31 51.0
07 26 14.50 +13 20 44.0
05 01 15.10 -06 13 43.0
04 11 57.00 -12 51 42.0
08 44 04.40 +18 03 35.0
06 57 49.00 +04 25 00.0
06 50 56.50 +03 12 11.0
06 33 11.00 -00 03 11.0
07 52 27.60 +09 41 09.0
08 08 30.00 +11 06 00.0
07 02 42.29 +02 51 35.5
07 20 22.10 +01 51 27.0
05 25 09.50 -12 44 15.0
05 00 52.40 -15 40 24.0
07 06 49.20 -00 43 24.0
07 33 30.00 +02 49 00.0
06 53 43.80 -02 49 10.0
06 39 06.50 -04 59 44.0
07 49 01.60 +03 08 11.0
07 04 18.00 -03 00 00.0
06 21 15.50 -10 11 45.0
08 51 31.70 +09 05 25.0
03 31 07.60 -26 02 15.0
06 19 24.20 -12 57 40.0
09 50 18.00 +13 59 00.0
07 24 06.10 -05 15 49.0
08 04 14.30 -02 44 01.0
07 15 03.60 -10 05 13.0
07 00 28.60 -13 38 24.0
07 34 55.48 -09 32 00.0
05 53 00.90 -22 54 27.0
07 38 00.78 -11 25 29.7
07 10 20.00 -16 00 36.0
07 39 45.00 -14 14 05.0
07 39 32.40 -14 37 02.0
07 45 44.80 -14 00 12.0
07 19 01.68 -18 02 52.7
07 09 05.90 -19 46 00.9
06 48 34.20 -22 22 34.0
06 24 59.90 -25 21 01.0
07 04 49.30 -21 57 30.0
07 39 41.50 -18 05 26.0
07 25 45.60 -20 07 12.7
07 17 12.77 -21 38 19.6
06 52 26.00 -25 17 20.0
07 47 58.90 -19 10 30.0
09 36 37.10 -02 34 57.0
08 06 30.00 -19 05 00.0
08 31 04.90 -15 58 38.0
06 53 14.50 -29 03 33.5
08 08 29.00 -20 22 36.0
07 12 49.20 -27 45 01.0
07 53 03.10 -23 29 47.0
07 00 55.50 -31 31 14.0
07 45 23.20 -27 12 37.0
05 01 21.90 -39 49 54.2
08 38 00.00 -20 43 00.0
08 00 25.20 -27 33 31.0
09 43 10.00 -12 56 22.0
07 27 06.00 -35 39 00.0
08 29 36.80 -27 35 20.0
07 41 26.90 -34 38 00.0
08 07 03.80 -32 31 24.0
08 02 19.80 -34 07 30.0
08 29 51.90 -31 55 54.0
08 55 42.00 -28 45 00.0
08 38 42.90 -32 11 26.0
08 19 03.00 -36 04 12.0
02 55 09.80 -44 22 20.0
08 34 19.30 -35 05 23.0
08 14 22.60 -39 42 33.0
08 29 06.00 -38 09 42.0
07 13 22.00 -46 52 06.0
08 26 38.00 -39 13 41.0
08 35 17.00 -39 15 54.0
08 40 26.00 -40 33 18.0
08 21 57.50 -43 02 59.0
10 22 21.30 -18 23 23.0
08 51 37.70 -39 52 09.0
09 13 59.40 -36 24 58.0
08 22 15.00 -45 21 24.0
08 19 03.30 -46 10 39.0
08 46 51.00 -42 42 36.0
08 03 41.50 -48 14 52.2
08 10 02.10 -48 34 13.0
08 32 50.00 -46 15 16.0
07 46 01.10 -51 07 41.0
08 41 43.00 -45 57 36.0
08 32 29.90 -47 06 16.5
09 10 33.70 -42 13 08.0
09 14 21.00 -45 16 12.0
08 52 43.00 -50 20 51.0
10 32 10.60 -28 55 44.0
10 04 55.10 -40 11 29.0
08 52 10.00 -53 53 42.0
09 07 08.00 -53 06 55.0
09 50 48.00 -46 03 00.0
09 39 21.00 -49 09 00.0
10 03 44.00 -44 07 06.0
09 39 47.90 -49 44 02.0
09 45 32.60 -48 44 22.0
09 13 36.50 -54 40 07.0
09 20 31.50 -53 56 55.0
09 16 28.80 -54 26 49.0
09 12 22.90 -55 15 53.0
09 29 09.00 -52 56 42.0
09 23 10.00 -54 23 21.0
09 25 31.30 -55 53 13.0
09 29 53.90 -56 04 24.0
09 20 00.90 -58 05 58.0
09 29 26.00 -57 23 42.0
09 18 06.40 -58 59 23.0
10 11 18.80 -50 05 07.0
09 41 50.70 -57 03 12.0
10 10 04.00 -52 23 24.0
09 37 20.90 -59 51 52.0
12 13 49.30 -66 28 58.0
10 29 33.00 -53 18 00.0
10 32 18.00 -53 25 27.0
11 24 17.50 -34 05 44.0
10 29 36.00 -55 05 27.0
10 02 14.00 -60 29 12.0
10 52 30.00 -48 31 00.0
10 13 49.00 -58 36 12.0
10 36 34.50 -56 30 55.0
10 39 20.00 -55 53 36.0
10 26 53.00 -58 48 48.0
10 07 47.90 -62 21 55.0
10 21 24.00 -60 17 22.0
10 37 34.00 -56 50 30.0
09 06 37.30 -69 44 07.0
10 05 54.00 -63 39 50.0
10 05 27.80 -64 07 05.0
10 46 40.00 -55 47 30.0
10 16 12.50 -62 25 06.0
11 11 32.00 -47 49 12.0
05 58 50.00 -75 40 30.0
10 52 33.00 -58 53 48.0
10 42 38.10 -61 23 54.0
11 15 52.00 -51 53 42.0
10 34 02.30 -64 03 30.0
10 51 59.00 -60 10 42.0
10 54 03.00 -61 12 00.0
11 21 40.80 -52 34 52.0
11 01 51.00 -60 19 54.0
11 26 14.60 -52 39 34.0
07 02 45.30 -79 34 23.0
11 49 58.00 -42 00 54.0
10 58 23.50 -64 58 47.0
11 25 05.00 -57 01 24.0
11 30 57.50 -56 49 43.0
11 25 42.00 -59 41 00.0
11 28 29.70 -59 00 30.0
11 26 30.50 -59 50 00.0
11 32 52.00 -60 00 18.0
11 50 33.00 -50 34 00.0
11 58 10.00 -47 16 30.0
12 21 55.00 -18 30 32.0
11 47 50.10 -56 54 10.0
11 39 15.00 -62 12 18.0
11 29 31.80 -65 41 40.0
11 15 45.00 -70 33 06.0
11 46 12.80 -64 51 53.0
11 36 54.10 -68 35 30.0
10 09 58.00 -80 36 42.0
12 06 33.00 -58 25 54.0
12 30 36.00 -27 32 00.0
12 06 23.00 -62 50 24.0
12 05 48.00 -63 55 30.0
12 01 39.50 -67 01 53.0
12 28 10.00 -43 57 48.0
12 21 08.00 -59 56 36.0
12 20 16.00 -63 45 30.0
12 25 57.00 -61 49 00.0
12 25 57.00 -63 28 00.0
12 27 17.00 -63 36 24.0
12 27 38.70 -64 34 35.0
12 27 31.80 -65 57 51.3
12 42 58.70 -60 03 51.0
12 42 51.10 -63 53 14.0
12 45 29.80 -63 33 35.0
12 51 01.30 -22 35 26.0
12 57 41.60 -56 37 19.0
13 05 28.00 -67 22 33.0
13 02 45.00 -57 23 18.0
13 06 26.80 -61 03 35.0
13 29 59.00 -75 31 06.0
13 16 06.50 -65 53 23.0
13 19 15.30 -63 05 15.0
13 30 10.00 -65 43 06.0
13 41 24.00 -71 13 47.0
13 21 11.00 -57 15 42.0
13 35 54.40 -67 07 33.0
13 24 56.60 -54 26 25.0
14 10 43.40 -73 58 52.0
13 39 10.00 -61 07 24.0
13 48 46.70 -66 08 40.0
13 50 12.30 -66 16 07.0
13 40 34.00 -60 34 36.0
13 50 46.10 -64 44 44.0
13 22 45.10 -37 20 40.0
13 49 54.40 -60 19 06.0
14 01 50.90 -64 26 37.0
14 11 21.00 -67 18 00.0
13 52 18.00 -59 08 00.0
13 51 31.00 -58 12 36.0
13 54 45.90 -58 39 54.0
13 47 51.60 -50 57 26.0
14 14 55.10 -62 53 22.0
15 15 58.00 -72 03 18.0
14 29 31.40 -60 36 33.0
15 31 54.00 -71 45 00.0
14 17 20.00 -55 14 12.0
14 08 33.50 -51 12 19.0
14 18 31.00 -54 48 36.0
14 37 26.00 -61 07 06.0
14 14 47.50 -51 56 50.0
14 42 28.00 -61 01 12.0
15 06 23.10 -64 28 57.0
14 37 58.00 -56 02 18.0
15 00 09.70 -60 41 39.0
15 01 59.40 -61 09 48.0
13 37 57.40 -19 37 47.0
15 04 39.00 -61 32 36.0
14 37 00.70 -52 22 00.0
14 19 15.50 -43 55 27.0
15 51 19.20 -66 00 26.0
19 27 33.20 -74 39 25.0
15 02 14.50 -55 47 45.0
14 56 15.00 -54 06 12.0
14 43 08.20 -50 10 53.0
15 26 10.00 -60 51 23.0
15 01 34.20 -54 59 34.0
16 55 45.40 -70 01 40.0
15 08 10.40 -55 28 34.0
15 47 47.90 -62 21 54.0
15 19 48.90 -56 58 39.0
15 30 13.80 -58 58 57.0
15 43 26.00 -61 03 48.0
15 33 57.90 -58 35 02.0
15 18 35.20 -53 57 34.0
15 15 27.70 -52 58 57.0
14 58 13.80 -48 09 14.2
15 19 51.70 -53 40 46.0
15 38 00.90 -56 27 11.0
15 21 50.60 -52 40 11.0
15 55 02.30 -58 15 19.0
15 21 29.70 -51 09 08.0
16 49 49.30 -64 09 39.0
16 11 25.40 -59 46 34.0
15 49 00.00 -56 15 00.0
14 01 41.80 -16 59 13.0
15 54 11.40 -55 33 17.0
15 55 59.50 -55 46 57.0
15 02 55.20 -42 48 24.0
16 15 06.00 -57 51 10.0
15 13 24.90 -45 27 56.0
15 57 03.30 -54 57 14.0
16 19 18.70 -58 12 26.0
16 25 13.90 -59 02 48.0
16 09 56.00 -56 51 54.0
15 45 46.00 -52 21 24.0
16 06 43.10 -54 49 44.0
15 47 56.80 -51 22 24.0
16 10 33.50 -54 49 31.0
16 10 26.60 -54 40 06.0
15 51 24.00 -51 15 00.0
16 08 38.00 -54 15 55.0
15 38 39.60 -47 31 12.0
16 13 19.30 -53 24 41.0
16 20 21.90 -54 29 09.0
15 47 38.50 -48 36 00.0
15 47 42.80 -48 17 03.0
16 18 17.10 -53 33 53.0
16 33 37.10 -55 36 25.0
15 09 38.00 -37 56 16.0
16 05 13.00 -50 54 08.0
16 23 53.60 -53 54 47.0
16 20 41.70 -53 15 41.0
16 26 00.80 -54 03 05.0
16 13 23.30 -51 51 44.0
16 25 56.80 -53 16 32.0
15 56 43.70 -48 07 08.0
16 31 22.90 -53 43 59.0
17 47 21.80 -60 22 35.0
17 04 48.00 -56 51 01.0
16 11 37.40 -49 05 56.0
16 35 41.40 -52 43 21.0
16 27 18.50 -50 20 46.0
17 07 37.20 -55 20 24.0
16 59 00.20 -53 51 31.0
16 41 08.00 -51 06 48.0
15 49 48.30 -41 41 33.1
16 30 29.00 -49 15 06.0
15 39 42.00 -39 10 00.0
16 44 47.80 -51 03 59.0
16 44 06.30 -50 37 15.0
16 20 16.50 -46 35 17.0
17 02 16.50 -52 25 58.0
16 55 40.50 -51 37 36.0
17 05 38.20 -52 09 16.0
15 58 48.00 -41 25 12.0
17 30 21.60 -54 26 47.0
16 26 48.10 -45 56 22.0
17 18 36.50 -52 43 39.0
16 57 45.90 -50 18 36.0
16 53 39.40 -49 42 14.0
17 16 49.10 -51 42 20.0
16 15 54.70 -42 08 23.0
12 53 08.00 +26 09 42.0
17 56 57.60 -52 44 17.0
16 05 08.10 -37 00 53.0
16 00 06.20 -35 52 39.0
17 07 42.70 -47 21 22.0
19 05 38.00 -55 39 30.0
17 32 16.30 -49 23 43.0
15 58 07.40 -34 24 16.0
16 28 05.00 -40 08 58.0
16 09 41.60 -36 06 01.0
15 19 23.16 -23 26 50.0
18 03 22.80 -51 01 35.0
16 49 59.00 -42 34 24.0
17 24 04.00 -46 53 06.0
17 02 46.00 -44 09 12.0
17 15 51.00 -45 50 06.0
17 02 03.00 -43 53 24.0
16 57 54.00 -43 01 35.0
16 10 13.00 -34 28 06.0
17 31 56.30 -46 57 57.0
16 40 57.00 -39 57 48.0
16 53 53.00 -41 33 18.0
16 39 09.00 -38 48 48.0
17 03 26.00 -42 37 18.0
16 47 06.00 -39 57 54.0
17 26 23.20 -45 20 31.0
16 46 07.00 -39 16 00.0
16 47 00.00 -39 03 12.0
16 43 21.00 -38 31 36.0
17 22 34.00 -44 08 54.0
17 06 55.40 -41 49 06.0
17 41 52.60 -46 04 10.0
17 49 02.60 -46 41 14.0
17 01 39.20 -40 48 52.0
16 06 35.00 -30 46 12.0
16 36 08.00 -36 28 30.0
16 51 02.00 -38 39 18.0
17 55 52.00 -46 38 42.0
16 30 47.00 -34 59 12.0
17 41 48.40 -44 53 00.0
17 35 42.00 -44 08 00.0
16 20 06.00 -31 38 00.0
16 45 34.00 -35 42 00.0
17 01 10.00 -37 49 06.0
16 45 30.20 -34 55 44.0
18 14 48.50 -46 00 16.0
17 29 17.00 -40 56 18.0
17 52 57.00 -43 02 54.0
17 28 51.00 -39 49 12.0
17 18 50.00 -38 26 06.0
17 32 10.00 -40 10 06.0
17 10 21.10 -37 02 38.0
16 57 47.70 -34 45 17.4
17 33 02.00 -39 20 12.0
17 39 25.00 -39 35 06.0
17 28 55.00 -37 55 30.0
17 01 19.40 -33 55 05.0
18 05 24.40 -41 48 56.0
17 00 30.00 -33 25 42.0
16 59 03.20 -33 05 47.3
16 50 24.00 -31 35 42.0
17 47 16.00 -39 16 36.0
18 09 20.00 -41 31 15.0
16 47 06.00 -30 14 48.0
17 29 37.30 -36 41 48.0
17 41 41.00 -38 07 36.0
17 02 16.00 -32 28 06.0
17 23 04.00 -34 59 12.0
17 11 26.00 -33 21 24.0
17 25 07.00 -35 05 18.0
16 41 41.70 -27 58 36.0
17 56 44.40 -38 49 45.0
17 47 20.00 -37 23 06.0
17 01 05.90 -30 49 20.9
17 46 24.13 -37 00 35.0
17 02 02.00 -30 28 24.0
18 23 11.00 -40 31 40.0
17 10 53.50 -31 16 16.0
18 01 32.00 -37 38 24.0
17 15 38.00 -31 36 00.0
17 16 07.00 -31 09 30.0
17 21 12.00 -31 40 36.0
17 42 12.60 -34 32 45.4
17 59 08.00 -36 38 55.0
17 40 55.00 -34 16 12.0
17 41 01.60 -34 05 25.0
17 47 51.90 -34 54 40.0
17 42 47.50 -34 02 38.0
17 44 31.00 -34 07 00.0
17 45 39.00 -34 21 00.0
17 45 54.60 -34 21 59.0
17 21 27.00 -30 49 12.0
17 18 20.00 -30 17 54.0
17 49 39.10 -34 37 45.0
17 22 06.00 -30 38 06.0
17 46 32.00 -33 59 24.0
17 51 13.60 -34 21 50.0
17 59 11.00 -35 13 12.0
17 27 45.00 -30 58 54.0
17 14 10.00 -28 56 18.0
17 43 28.20 -33 07 30.0
17 48 32.00 -33 46 54.0
17 50 02.00 -33 55 24.0
18 06 27.00 -35 44 48.0
17 54 00.10 -34 09 30.0
18 01 09.00 -34 58 12.0
17 21 55.00 -29 42 36.0
17 56 59.00 -34 27 36.0
18 24 24.00 -37 17 54.0
17 17 54.00 -29 00 03.0
17 17 23.10 -28 57 40.0
17 58 43.30 -34 27 49.0
17 25 38.00 -30 05 30.0
17 27 39.00 -30 15 00.0
17 21 23.60 -29 21 33.0
17 18 27.80 -28 52 20.0
17 54 57.00 -33 47 24.0
18 00 45.00 -34 28 42.0
17 30 04.30 -30 24 27.0
17 27 55.00 -30 08 24.0
17 07 34.70 -27 05 03.3
17 54 07.00 -33 35 24.0
17 22 48.00 -29 19 18.0
17 20 14.70 -28 56 19.0
17 49 17.70 -32 45 12.0
17 50 21.00 -32 58 18.0
17 55 14.70 -33 28 23.0
17 24 13.40 -29 18 44.0
17 23 49.10 -29 13 01.0
17 32 31.00 -30 19 36.0
17 29 34.90 -29 58 09.2
17 26 32.00 -29 30 30.0
17 50 00.20 -32 40 04.0
17 52 57.20 -32 37 10.0
17 58 04.70 -33 17 43.0
17 27 13.00 -29 07 18.0
17 09 24.00 -26 22 00.0
17 02 42.00 -25 20 00.0
17 58 25.00 -33 15 18.0
17 24 23.00 -28 28 42.0
17 24 11.00 -28 25 22.0
17 21 43.20 -28 03 15.0
17 42 49.00 -31 02 24.0
17 33 49.00 -29 38 30.0
17 26 31.00 -28 38 12.0
17 48 29.90 -31 35 17.0
19 13 57.00 -39 42 12.0
17 25 32.20 -28 24 56.0
17 28 36.90 -28 39 47.0
17 27 20.60 -28 33 41.0
17 24 37.90 -28 08 36.0
17 18 04.10 -27 08 32.0
17 48 55.00 -31 29 22.0
17 55 46.30 -32 21 33.0
18 08 44.60 -33 52 46.0
17 32 03.40 -29 01 16.0
17 09 34.00 -25 40 00.0
18 01 39.00 -32 54 18.0
17 19 20.80 -27 05 45.0
17 50 22.80 -31 24 58.0
18 00 37.00 -32 41 48.0
17 28 00.00 -28 12 48.0
17 24 01.00 -27 41 54.0
17 23 46.50 -27 38 10.0
17 39 30.50 -29 50 12.9
17 27 34.80 -28 01 51.0
17 26 54.00 -27 57 06.0
17 42 45.10 -30 10 52.0
17 54 56.00 -31 42 42.0
17 29 13.20 -28 12 23.0
17 56 41.40 -31 54 27.0
17 59 31.00 -32 09 36.0
16 45 35.80 -20 55 26.0
17 47 04.80 -30 34 06.0
17 49 33.00 -30 49 06.0
17 51 52.00 -31 11 54.0
17 35 52.40 -28 54 59.0
17 22 37.00 -26 55 12.0
20 16 05.20 -41 40 57.0
17 35 32.00 -28 41 06.0
17 27 06.20 -27 28 04.0
17 44 44.50 -29 58 53.0
17 48 06.00 -30 23 08.6
17 53 12.00 -31 04 00.0
17 32 06.00 -28 05 12.0
17 54 58.60 -31 07 53.0
17 31 05.00 -27 54 01.0
17 33 05.20 -27 58 55.0
18 00 52.00 -31 39 24.0
17 48 53.00 -30 04 36.0
17 52 22.90 -30 33 06.2
17 59 38.30 -31 24 03.0
17 32 38.00 -27 41 12.0
17 27 39.00 -27 03 42.0
17 22 12.00 -26 10 00.0
17 20 55.60 -25 56 40.0
17 16 08.00 -25 14 12.0
18 11 34.00 -32 38 07.0
17 22 37.20 -26 09 18.0
18 00 38.10 -31 17 55.0
18 04 04.30 -31 43 19.0

#END#  -ref=VIZ58a9f15088b3 ===============================================================

